"","SLOPE","Solar","Elev","BFI","h2oDevelop","h2oLakesPe","h2oAgricul","h2oBurnPer","h2oRdDens","h2oHiCascP","h2oWetland","h2oVegCov","h2oVegHt","Forest21","Shrub21","h2oKm2","BurnRCA","AgricultRC","WetlandsRC","LakesRCA","HiCascRCA","DevelopRCA","RoadsRCA","VegCover","VegHeight_","DevelopBuf","AgBuf","BurnBuf","WetlandBuf","LakesBuf","HiCascBuf","RoadsBuf","VegHtBuf","VegCovBuf","MeanMaxAir","MaxAir_C","Precip_mm","SumPrecip","MeanAirJJA","WetPrecip","thermalSensitivity"
"SLOPE",1,0.165609093490343,0.4839433562397,0.293816757033161,-0.175798742239442,-0.33314304093968,-0.197387692640067,-0.300809538277191,-0.0835993760746383,-0.0666704670763778,-0.215711194595095,0.123500278583591,0.110006759410309,-0.025365932449742,-0.302160243800645,-0.75480076500652,-0.127102097849159,-0.323959207583536,-0.226171906465064,-0.0972052642923905,0.187807980207215,-0.278915954497293,-0.330794537301347,0.397535814453557,0.28325331549776,-0.206371065577884,-0.339202421260737,-0.0860074782403975,-0.201300825781532,-0.173378012268165,0.131765099307558,-0.144774825497413,0.475659684605325,0.577460379312044,-0.413473064980847,-0.311363474764997,0.370300075040812,0.130500174136923,-0.509019845995678,0.355630266238535,-0.282056445785588
"Solar",0.165609093490343,1,-0.221820170148438,-0.279469591804976,0.233698326298302,-0.229365638606958,0.185978042161498,-0.455574850440124,0.104875539353532,-0.332845580395797,0.189906710387735,0.0451208828064047,-0.0870739773331011,0.0577351420480064,-0.354409411565102,-0.166445565904881,-0.168903032926755,0.0946690413694792,-0.200034142829594,0.0794153562356793,-0.497806475735909,0.142809607140989,-0.0921693819933522,-0.0924880590534086,-0.128479760698606,0.121734286035351,0.0411965010633407,-0.149761979175593,-0.190666994549709,-0.0231235278672561,-0.381560992298595,0.0511300884421687,0.0812949293192454,0.0938389540213248,0.102848228554788,-0.019733350498315,-0.200308786028128,0.113269753512333,0.208157094946773,-0.206420174120516,0.203052134577163
"Elev",0.4839433562397,-0.221820170148438,1,0.89768971662418,-0.804995967839594,-0.0392558509224774,-0.766329164799387,0.203624435717246,-0.351772048282409,0.567543934134177,-0.489343742580008,0.466806567309312,0.626401992061118,0.332033354518981,0.0311999935760901,-0.247264367396324,0.107193692572276,-0.805366970709938,-0.417087260369299,-0.523646661505962,0.630754245607487,-0.834555148029073,-0.265507647413759,0.824222833341374,0.79604702401055,-0.685928496621538,-0.760663250795694,0.061844038190574,-0.364832710154333,-0.540701921373334,0.54099861135361,-0.0323028679817484,0.683022145028224,0.61290426336019,-0.566959906370903,-0.295807266271807,0.836118304039851,-0.135302915845415,-0.766898792593439,0.846700654999828,-0.688868879465948
"BFI",0.293816757033161,-0.279469591804976,0.89768971662418,1,-0.898360633435193,0.0292054654633255,-0.859494063412623,0.377333703775307,-0.338567676478956,0.729314798962587,-0.490408980334941,0.549158981789237,0.731000556198394,0.47667985485755,0.180163082835273,0.0347666681882381,0.271267328354021,-0.846031476122844,-0.411547756356493,-0.5361502978799,0.643558331533982,-0.865115593990361,-0.137077513212799,0.727132369493388,0.792991147098347,-0.693787024277261,-0.744010283888906,0.206338422143431,-0.3586855701713,-0.562118643085507,0.543178484556846,0.0429513235769212,0.582307389680773,0.394332446421489,-0.470483221167899,-0.189267649359171,0.775308999405864,-0.256704703553852,-0.637202158392335,0.78278770920804,-0.772407477053438
"h2oDevelop",-0.175798742239442,0.233698326298302,-0.804995967839594,-0.898360633435193,1,0.0154630073763192,0.935635994621434,-0.438534384925822,0.46683564261877,-0.594888235104802,0.525304896081242,-0.668210008128072,-0.757968514834329,-0.497557538573627,-0.217397813045516,-0.181831099913537,-0.37534006305552,0.887929664040862,0.474304827367451,0.547990209371915,-0.44016386592024,0.914860267017317,0.153927796456527,-0.726903661940229,-0.803312792858378,0.767601543833928,0.792065631963234,-0.243634187884627,0.456717877448993,0.553090848058127,-0.366019219873567,-0.0575533232627494,-0.517155512978822,-0.311404904597805,0.564986374896762,0.315833397604673,-0.834180298919664,0.049795528185048,0.638224375329489,-0.841491825417257,0.678782164114513
"h2oLakesPe",-0.33314304093968,-0.229365638606958,-0.0392558509224774,0.0292054654633255,0.0154630073763192,1,0.0225596599257224,0.460898052886598,0.166750135508295,0.313543885265697,0.583826678288512,-0.18177599731107,-0.0903564898914677,-0.108175948582792,0.44050734354043,0.391335407289303,0.249835869933546,0.0749614539911818,0.234028280789598,0.21695608288389,0.210049119846086,0.087704412244557,0.10211360000251,-0.107893184029033,-0.0150290147356058,0.0506803244103991,0.0661380758429157,0.161809199950631,0.145781515914878,0.130052939282782,0.158178994587916,-0.109764786203418,-0.152674171129767,-0.235502888997382,0.0394343102707279,0.0358259420106613,-0.0229550212972987,-0.0649345198943237,0.0176230128415753,-0.00473598334133742,-0.15386186555195
"h2oAgricul",-0.197387692640067,0.185978042161498,-0.766329164799387,-0.859494063412623,0.935635994621434,0.0225596599257224,1,-0.429531623837085,0.448307123009495,-0.566186743247439,0.541080202072192,-0.663579642473516,-0.733966527278993,-0.506709446957705,-0.232645983249685,-0.182016774885932,-0.381750502264222,0.936014359349594,0.479309973937542,0.503910424025102,-0.4300393403039,0.855179017978873,0.179306406385731,-0.716460622529069,-0.804079456982055,0.722605031092995,0.798249460312377,-0.252662296526601,0.451343958690109,0.482507815873745,-0.357600148580799,0.0127747731862045,-0.527479515477045,-0.312230423176717,0.58575781506779,0.34810174756954,-0.827777299549022,0.0151041357103251,0.640344691494579,-0.836115489087354,0.649228091817847
"h2oBurnPer",-0.300809538277191,-0.455574850440124,0.203624435717246,0.377333703775307,-0.438534384925822,0.460898052886598,-0.429531623837085,1,-0.279229688755143,0.323959709656502,-0.135280123988002,-0.088142075827732,0.0642771930328649,-0.198719420725925,0.871427158117893,0.45040600747971,0.615971302302315,-0.340801923358283,-0.00379707421682852,-0.203105310357325,0.277762337074434,-0.291424942952383,0.0192195714665979,0.0577067575839073,0.23530951229812,-0.27260205095757,-0.183828094298801,0.482256756688282,-0.0648849277569033,-0.193410581030592,0.231639904344734,-0.11822217791901,0.0300467668469026,-0.286720836031182,-0.218135067069406,-0.0675886877148599,0.3608139801291,0.00276941466827222,-0.219598781728913,0.358269112596093,-0.243523061430162
"h2oRdDens",-0.0835993760746383,0.104875539353532,-0.351772048282409,-0.338567676478956,0.46683564261877,0.166750135508295,0.448307123009495,-0.279229688755143,1,0.0905410469464038,0.423227256102801,-0.284795523801117,-0.290808820583233,-0.2495839214131,-0.329155044763907,-0.079828926532634,-0.247589015326707,0.423710647426178,0.155617171599658,0.247140329732756,-0.0591718624580008,0.492142426254804,0.366256074333971,-0.416060979029944,-0.423393583437367,0.463820511687027,0.465165684368791,-0.240810199245654,0.244077651070707,0.262879090552062,-0.0270237667551098,0.27623579800388,-0.441274846816871,-0.314079888784605,0.517093885066876,0.469784200719733,-0.568359443767996,-0.380535815904421,0.478564312090752,-0.553886732716864,-0.0252841959836813
"h2oHiCascP",-0.0666704670763778,-0.332845580395797,0.567543934134177,0.729314798962587,-0.594888235104802,0.313543885265697,-0.566186743247439,0.323959709656502,0.0905410469464038,1,-0.135603538046469,0.407007524861381,0.61682579452368,0.452300539670376,0.12559296996193,0.312281084908615,0.0498619403093012,-0.507829630443913,-0.188806045376489,-0.387277070855924,0.714243580250112,-0.486566210100966,0.210115310103634,0.442298463111663,0.499709997783478,-0.383072870334862,-0.364014601217795,-0.0162221187550288,-0.0741093761919703,-0.32953367111717,0.561233566522643,0.0999849538218946,0.187921201796544,0.0976879343800422,-0.0216580940127001,0.243203083419937,0.310102921940406,-0.605896662681557,-0.226986011394114,0.327503592904933,-0.778181694982483
"h2oWetland",-0.215711194595095,0.189906710387735,-0.489343742580008,-0.490408980334941,0.525304896081242,0.583826678288512,0.541080202072192,-0.135280123988002,0.423227256102801,-0.135603538046469,1,-0.407092615824066,-0.401350988775663,-0.270156591890635,-0.0570224477249691,0.0616943455397091,-0.161843430993208,0.515860003098639,0.358783648092377,0.394310910356849,-0.203581137344598,0.497072387546082,0.262007788101398,-0.437646781822274,-0.409482071714374,0.421345124522282,0.494355349793305,-0.132491088470638,0.289571453317536,0.302408202140818,-0.207413501778138,0.0495833582832742,-0.353023972069183,-0.281349529898536,0.392251644825899,0.261267857582771,-0.510897894943216,-0.0604893198977996,0.441569622437029,-0.514356265845496,0.235536799113805
"h2oVegCov",0.123500278583591,0.0451208828064047,0.466806567309312,0.549158981789237,-0.668210008128072,-0.18177599731107,-0.663579642473516,-0.088142075827732,-0.284795523801117,0.407007524861381,-0.407092615824066,1,0.906167599202521,0.844616331681565,-0.257706597324753,0.257186957360602,0.0744084294105278,-0.569959365421378,-0.452571820167183,-0.258938801343182,0.106336328287274,-0.545065444794878,-0.109316331990453,0.593035694191093,0.574993773125952,-0.511824627428577,-0.55645615924896,-0.042364982470384,-0.457347286522483,-0.241271714949237,0.0868247122956836,0.0409700538838183,0.355660615079138,0.303078545664689,-0.326019316677616,-0.221269892349019,0.450322824516128,-0.0323542894917315,-0.353549407934994,0.468526132520422,-0.485581291041648
"h2oVegHt",0.110006759410309,-0.0870739773331011,0.626401992061118,0.731000556198394,-0.757968514834329,-0.0903564898914677,-0.733966527278993,0.0642771930328649,-0.290808820583233,0.61682579452368,-0.401350988775663,0.906167599202521,1,0.847768065161043,-0.150706740928964,0.275033764229211,0.086299277082466,-0.654955165173692,-0.444495716090513,-0.391269989831501,0.344879476319869,-0.646571633896622,-0.0507988074077434,0.678051413149561,0.701753544744943,-0.568963870871769,-0.592841679666239,-0.0305516700507577,-0.419910968738183,-0.356525686045941,0.279996853261228,0.0114110142209848,0.444503408202939,0.333357455972764,-0.25608452294027,-0.0558802962145959,0.508229283989152,-0.261005205139311,-0.367105404973528,0.530227627937805,-0.658637961090696
"Forest21",-0.025365932449742,0.0577351420480064,0.332033354518981,0.47667985485755,-0.497557538573627,-0.108175948582792,-0.506709446957705,-0.198719420725925,-0.2495839214131,0.452300539670376,-0.270156591890635,0.844616331681565,0.847768065161043,1,-0.321233857131558,0.379414038001457,-0.0368554928737942,-0.43128728514192,-0.316705595692924,-0.191782118761157,0.18292926473489,-0.424925556705752,-0.0105181051358638,0.502729955548936,0.520468635682349,-0.349233506203359,-0.428350923615164,-0.100548296167349,-0.314063320146384,-0.168569930481947,0.132822932446742,0.0317550706762265,0.268556862690713,0.230088210941735,-0.0447582363809004,0.0260379391666107,0.243138705571848,-0.259462676080872,-0.106322925157791,0.2666838216558,-0.407337725017476
"Shrub21",-0.302160243800645,-0.354409411565102,0.0311999935760901,0.180163082835273,-0.217397813045516,0.44050734354043,-0.232645983249685,0.871427158117893,-0.329155044763907,0.12559296996193,-0.0570224477249691,-0.257706597324753,-0.150706740928964,-0.321233857131558,1,0.372682397329244,0.499904850327385,-0.149002666935199,0.0606529770567566,-0.106431512088626,0.12943914999842,-0.124946078642632,-0.0592658115897092,-0.117466367566888,0.0378420540641959,-0.163514561766326,-0.111355406696735,0.393093937631163,0.0408558762128281,-0.10240666523923,0.112374632507803,-0.197771181728781,-0.0285142209331999,-0.269719119724024,-0.25544610189399,-0.192722447837038,0.19503839814068,0.161055044032388,-0.210767560619577,0.183329982716715,0.0176732144827707
"h2oKm2",-0.75480076500652,-0.166445565904881,-0.247264367396324,0.0347666681882381,-0.181831099913537,0.391335407289303,-0.182016774885932,0.45040600747971,-0.079828926532634,0.312281084908615,0.0616943455397091,0.257186957360602,0.275033764229211,0.379414038001457,0.372682397329244,1,0.274921473537022,-0.0331186875593493,0.0838609595032021,-0.0436157661697583,-0.00212944500617891,0.00922146035708422,0.331534983325561,-0.108685690266746,0.0432716662979455,-0.0307941859426926,0.0489212032908165,0.188381597532972,0.0369811649844908,0.0350114052454924,-0.0146934128500388,0.0987342840646226,-0.313128635384576,-0.499851262308301,0.250842227525606,0.237205827183167,-0.125734686648036,-0.192565912854615,0.324073556723094,-0.117758678900571,-0.00440560509090767
"BurnRCA",-0.127102097849159,-0.168903032926755,0.107193692572276,0.271267328354021,-0.37534006305552,0.249835869933546,-0.381750502264222,0.615971302302315,-0.247589015326707,0.0498619403093012,-0.161843430993208,0.0744084294105278,0.086299277082466,-0.0368554928737942,0.499904850327385,0.274921473537022,1,-0.326657803689925,-0.159491420273714,-0.0373218732468281,-0.0407097394940559,-0.263223343376123,-0.131526341041204,-0.00991627766565791,0.162014211148053,-0.211630337985167,-0.239846373783173,0.818972902520723,-0.251232832496971,-0.113463440024316,0.00990430919498329,-0.012737389751746,0.0556363001022013,-0.261539557371932,-0.265065007906746,-0.250452984353443,0.317784318692111,0.212526987736187,-0.167131817788954,0.332758923475024,-0.0832030255745458
"AgricultRC",-0.323959207583536,0.0946690413694792,-0.805366970709938,-0.846031476122844,0.887929664040862,0.0749614539911818,0.936014359349594,-0.340801923358283,0.423710647426178,-0.507829630443913,0.515860003098639,-0.569959365421378,-0.654955165173692,-0.43128728514192,-0.149002666935199,-0.0331186875593493,-0.326657803689925,1,0.510076580634183,0.615597349306073,-0.430047684992222,0.890479280497661,0.204713591711383,-0.765460763497089,-0.830328223827137,0.728766095848209,0.835641683374163,-0.189925539117184,0.482818561289616,0.573167911140332,-0.35760708762452,-0.0532513872211104,-0.597232870053994,-0.402807143367581,0.581688335716318,0.330548499698971,-0.848162258513565,0.0396778328429207,0.66157398135999,-0.855634975918977,0.61451324597154
"WetlandsRC",-0.226171906465064,-0.200034142829594,-0.417087260369299,-0.411547756356493,0.474304827367451,0.234028280789598,0.479309973937542,-0.00379707421682852,0.155617171599658,-0.188806045376489,0.358783648092377,-0.452571820167183,-0.444495716090513,-0.316705595692924,0.0606529770567566,0.0838609595032021,-0.159491420273714,0.510076580634183,1,0.439418203442841,-0.106111764971259,0.531695165611085,0.40347526785765,-0.449591380812774,-0.475323809497191,0.453900371057499,0.482914944292012,-0.0113675153306619,0.892259929322813,0.38187490348587,-0.123634290325365,-0.000147194865604013,-0.477298206371518,-0.406546265486526,0.405988217435021,0.302402477713256,-0.448071963928788,-0.110520827841133,0.438787104776033,-0.463214932810608,0.211577958421179
"LakesRCA",-0.0972052642923905,0.0794153562356793,-0.523646661505962,-0.5361502978799,0.547990209371915,0.21695608288389,0.503910424025102,-0.203105310357325,0.247140329732756,-0.387277070855924,0.394310910356849,-0.258938801343182,-0.391269989831501,-0.191782118761157,-0.106431512088626,-0.0436157661697583,-0.0373218732468281,0.615597349306073,0.439418203442841,1,-0.367176053505602,0.64846105602021,0.0707782314159264,-0.417783076508367,-0.439655426012209,0.567643062132155,0.462544184237729,-0.0507653459935137,0.335002028246084,0.786663325994832,-0.3576487303714,-0.132227568248646,-0.334975562675969,-0.171091948784498,0.171539153474096,-0.0535695450956288,-0.485394496178169,0.23025010279889,0.322777710868088,-0.48975850595344,0.347341376403927
"HiCascRCA",0.187807980207215,-0.497806475735909,0.630754245607487,0.643558331533982,-0.44016386592024,0.210049119846086,-0.4300393403039,0.277762337074434,-0.0591718624580008,0.714243580250112,-0.203581137344598,0.106336328287274,0.344879476319869,0.18292926473489,0.12943914999842,-0.00212944500617891,-0.0407097394940559,-0.430047684992222,-0.106111764971259,-0.367176053505602,1,-0.440172279883481,-0.0230196453598733,0.4970361580509,0.527667614231264,-0.339986824455549,-0.319954150445429,0.0336335212311942,-0.00769554699436726,-0.339998797860338,0.875804465090232,-0.0665591607651605,0.425849741395055,0.319636526473794,-0.126608049479303,0.126743992266862,0.383132089601828,-0.481599982056562,-0.400759337721889,0.395684140319712,-0.593130910075696
"DevelopRCA",-0.278915954497293,0.142809607140989,-0.834555148029073,-0.865115593990361,0.914860267017317,0.087704412244557,0.855179017978873,-0.291424942952383,0.492142426254804,-0.486566210100966,0.497072387546082,-0.545065444794878,-0.646571633896622,-0.424925556705752,-0.124946078642632,0.00922146035708422,-0.263223343376123,0.890479280497661,0.531695165611085,0.64846105602021,-0.440172279883481,1,0.299427637274608,-0.750464923861094,-0.798208393504423,0.842439467339869,0.824854872389261,-0.171250092011444,0.504813354478424,0.686800787383983,-0.366026216522996,-0.0412985939078146,-0.609934659743841,-0.436283788150918,0.569941754969323,0.336704861426731,-0.851888022309938,0.0166572732570637,0.666133124535903,-0.85867366941571,0.570114282696704
"RoadsRCA",-0.330794537301347,-0.0921693819933522,-0.265507647413759,-0.137077513212799,0.153927796456527,0.10211360000251,0.179306406385731,0.0192195714665979,0.366256074333971,0.210115310103634,0.262007788101398,-0.109316331990453,-0.0507988074077434,-0.0105181051358638,-0.0592658115897092,0.331534983325561,-0.131526341041204,0.204713591711383,0.40347526785765,0.0707782314159264,-0.0230196453598733,0.299427637274608,1,-0.338522652517548,-0.288312774558511,0.370227926114157,0.330243537119642,-0.123590200437999,0.402936800112827,0.144303227973698,-0.0763557598311261,0.601216976234641,-0.484938645130963,-0.483266054705678,0.518535792978111,0.50229184425109,-0.326020875886582,-0.396947424288724,0.523585891889284,-0.328369011049102,-0.0357487458845478
"VegCover",0.397535814453557,-0.0924880590534086,0.824222833341374,0.727132369493388,-0.726903661940229,-0.107893184029033,-0.716460622529069,0.0577067575839073,-0.416060979029944,0.442298463111663,-0.437646781822274,0.593035694191093,0.678051413149561,0.502729955548936,-0.117466367566888,-0.108685690266746,-0.00991627766565791,-0.765460763497089,-0.449591380812774,-0.417783076508367,0.4970361580509,-0.750464923861094,-0.338522652517548,1,0.942072337209115,-0.612751909038276,-0.717924634719287,-0.115988126962164,-0.426204461895905,-0.430447385979375,0.368766932632241,-0.123827660596702,0.751274505073897,0.723581158231614,-0.480596343065319,-0.266376107826888,0.714437350600364,-0.0825519870479632,-0.638656138254756,0.725212692763258,-0.578297367835903
"VegHeight_",0.28325331549776,-0.128479760698606,0.79604702401055,0.792991147098347,-0.803312792858378,-0.0150290147356058,-0.804079456982055,0.23530951229812,-0.423393583437367,0.499709997783478,-0.409482071714374,0.574993773125952,0.701753544744943,0.520468635682349,0.0378420540641959,0.0432716662979455,0.162014211148053,-0.830328223827137,-0.475323809497191,-0.439655426012209,0.527667614231264,-0.798208393504423,-0.288312774558511,0.942072337209115,1,-0.637895431165929,-0.7458829796315,0.0382145637831083,-0.47274944871342,-0.482679354808942,0.421792914863879,-0.107676226605828,0.769768900467989,0.602225760280471,-0.472908860149105,-0.25305971482558,0.727657248000213,-0.108444973439395,-0.594686309190051,0.743353865837503,-0.59555205544193
"DevelopBuf",-0.206371065577884,0.121734286035351,-0.685928496621538,-0.693787024277261,0.767601543833928,0.0506803244103991,0.722605031092995,-0.27260205095757,0.463820511687027,-0.383072870334862,0.421345124522282,-0.511824627428577,-0.568963870871769,-0.349233506203359,-0.163514561766326,-0.0307941859426926,-0.211630337985167,0.728766095848209,0.453900371057499,0.567643062132155,-0.339986824455549,0.842439467339869,0.370227926114157,-0.612751909038276,-0.637895431165929,1,0.786161775589384,-0.117546561714645,0.427228645914392,0.631504807463101,-0.282716783201511,0.179078990963397,-0.575988737581152,-0.411331700092953,0.529371720523171,0.325963022125911,-0.686028285910897,-0.0205390709023599,0.589142942941013,-0.700485304597137,0.450604081321175
"AgBuf",-0.339202421260737,0.0411965010633407,-0.760663250795694,-0.744010283888906,0.792065631963234,0.0661380758429157,0.798249460312377,-0.183828094298801,0.465165684368791,-0.364014601217795,0.494355349793305,-0.55645615924896,-0.592841679666239,-0.428350923615164,-0.111355406696735,0.0489212032908165,-0.239846373783173,0.835641683374163,0.482914944292012,0.462544184237729,-0.319954150445429,0.824854872389261,0.330243537119642,-0.717924634719287,-0.7458829796315,0.786161775589384,1,-0.0998723409039398,0.451643684376337,0.439544011473052,-0.266058569565922,0.0845302880448942,-0.624636690162631,-0.504632103691295,0.736373590228509,0.561528173341222,-0.764613228007556,-0.184158488920802,0.764412946888555,-0.775748858223974,0.478738148902292
"BurnBuf",-0.0860074782403975,-0.149761979175593,0.061844038190574,0.206338422143431,-0.243634187884627,0.161809199950631,-0.252662296526601,0.482256756688282,-0.240810199245654,-0.0162221187550288,-0.132491088470638,-0.042364982470384,-0.0305516700507577,-0.100548296167349,0.393093937631163,0.188381597532972,0.818972902520723,-0.189925539117184,-0.0113675153306619,-0.0507653459935137,0.0336335212311942,-0.171250092011444,-0.123590200437999,-0.115988126962164,0.0382145637831083,-0.117546561714645,-0.0998723409039398,1,-0.103414645267988,-0.140662114405696,0.131856711504583,0.00334842817759236,0.0288442549663547,-0.29394251353425,-0.122999444576337,-0.109676881351275,0.253067588600835,0.138094275386385,-0.0845392008929779,0.256917687147527,-0.0421426308686388
"WetlandBuf",-0.201300825781532,-0.190666994549709,-0.364832710154333,-0.3586855701713,0.456717877448993,0.145781515914878,0.451343958690109,-0.0648849277569033,0.244077651070707,-0.0741093761919703,0.289571453317536,-0.457347286522483,-0.419910968738183,-0.314063320146384,0.0408558762128281,0.0369811649844908,-0.251232832496971,0.482818561289616,0.892259929322813,0.335002028246084,-0.00769554699436726,0.504813354478424,0.402936800112827,-0.426204461895905,-0.47274944871342,0.427228645914392,0.451643684376337,-0.103414645267988,1,0.39210167038005,-0.0259190354707966,0.0524452481314515,-0.452362646942842,-0.33947113857371,0.395002925094466,0.334442096317017,-0.450133601707708,-0.192851691532374,0.390174316732881,-0.473008524147942,0.140769789496879
"LakesBuf",-0.173378012268165,-0.0231235278672561,-0.540701921373334,-0.562118643085507,0.553090848058127,0.130052939282782,0.482507815873745,-0.193410581030592,0.262879090552062,-0.32953367111717,0.302408202140818,-0.241271714949237,-0.356525686045941,-0.168569930481947,-0.10240666523923,0.0350114052454924,-0.113463440024316,0.573167911140332,0.38187490348587,0.786663325994832,-0.339998797860338,0.686800787383983,0.144303227973698,-0.430447385979375,-0.482679354808942,0.631504807463101,0.439544011473052,-0.140662114405696,0.39210167038005,1,-0.2827267397123,-0.10879504867744,-0.44560398407724,-0.229214398926179,0.207729801648105,0.0101435880692526,-0.495325785220785,0.193155680858949,0.314801009045772,-0.500727925993299,0.374007564010578
"HiCascBuf",0.131765099307558,-0.381560992298595,0.54099861135361,0.543178484556846,-0.366019219873567,0.158178994587916,-0.357600148580799,0.231639904344734,-0.0270237667551098,0.561233566522643,-0.207413501778138,0.0868247122956836,0.279996853261228,0.132822932446742,0.112374632507803,-0.0146934128500388,0.00990430919498329,-0.35760708762452,-0.123634290325365,-0.3576487303714,0.875804465090232,-0.366026216522996,-0.0763557598311261,0.368766932632241,0.421792914863879,-0.282716783201511,-0.266058569565922,0.131856711504583,-0.0259190354707966,-0.2827267397123,1,0.00118450780874059,0.40329547920168,0.261019369899928,-0.0842174228554615,0.126351825992422,0.329419095745188,-0.421395414788066,-0.333375618966586,0.347197758532247,-0.479494619289924
"RoadsBuf",-0.144774825497413,0.0511300884421687,-0.0323028679817484,0.0429513235769212,-0.0575533232627494,-0.109764786203418,0.0127747731862045,-0.11822217791901,0.27623579800388,0.0999849538218946,0.0495833582832742,0.0409700538838183,0.0114110142209848,0.0317550706762265,-0.197771181728781,0.0987342840646226,-0.012737389751746,-0.0532513872211104,-0.000147194865604013,-0.132227568248646,-0.0665591607651605,-0.0412985939078146,0.601216976234641,-0.123827660596702,-0.107676226605828,0.179078990963397,0.0845302880448942,0.00334842817759236,0.0524452481314515,-0.10879504867744,0.00118450780874059,1,-0.275557648776442,-0.288082263757389,0.216036408169468,0.179090023486255,-0.00348185824239704,-0.151444713830186,0.220598287255572,-0.0140563906822695,-0.00920332067433297
"VegHtBuf",0.475659684605325,0.0812949293192454,0.683022145028224,0.582307389680773,-0.517155512978822,-0.152674171129767,-0.527479515477045,0.0300467668469026,-0.441274846816871,0.187921201796544,-0.353023972069183,0.355660615079138,0.444503408202939,0.268556862690713,-0.0285142209331999,-0.313128635384576,0.0556363001022013,-0.597232870053994,-0.477298206371518,-0.334975562675969,0.425849741395055,-0.609934659743841,-0.484938645130963,0.751274505073897,0.769768900467989,-0.575988737581152,-0.624636690162631,0.0288442549663547,-0.452362646942842,-0.44560398407724,0.40329547920168,-0.275557648776442,1,0.850404464386227,-0.50324064420764,-0.349362325081415,0.59787066403819,0.0494218305471246,-0.614596568291041,0.615111211498821,-0.37778599806932
"VegCovBuf",0.577460379312044,0.0938389540213248,0.61290426336019,0.394332446421489,-0.311404904597805,-0.235502888997382,-0.312230423176717,-0.286720836031182,-0.314079888784605,0.0976879343800422,-0.281349529898536,0.303078545664689,0.333357455972764,0.230088210941735,-0.269719119724024,-0.499851262308301,-0.261539557371932,-0.402807143367581,-0.406546265486526,-0.171091948784498,0.319636526473794,-0.436283788150918,-0.483266054705678,0.723581158231614,0.602225760280471,-0.411331700092953,-0.504632103691295,-0.29394251353425,-0.33947113857371,-0.229214398926179,0.261019369899928,-0.288082263757389,0.850404464386227,1,-0.460911240367734,-0.348944177475094,0.455989964693337,0.0992457261003274,-0.585197575046607,0.463709612810037,-0.28992056183509
"MeanMaxAir",-0.413473064980847,0.102848228554788,-0.566959906370903,-0.470483221167899,0.564986374896762,0.0394343102707279,0.58575781506779,-0.218135067069406,0.517093885066876,-0.0216580940127001,0.392251644825899,-0.326019316677616,-0.25608452294027,-0.0447582363809004,-0.25544610189399,0.250842227525606,-0.265065007906746,0.581688335716318,0.405988217435021,0.171539153474096,-0.126608049479303,0.569941754969323,0.518535792978111,-0.480596343065319,-0.472908860149105,0.529371720523171,0.736373590228509,-0.122999444576337,0.395002925094466,0.207729801648105,-0.0842174228554615,0.216036408169468,-0.50324064420764,-0.460911240367734,1,0.919680910947778,-0.722083728709973,-0.623108223298004,0.919873908358396,-0.706322273509497,0.205342211515875
"MaxAir_C",-0.311363474764997,-0.019733350498315,-0.295807266271807,-0.189267649359171,0.315833397604673,0.0358259420106613,0.34810174756954,-0.0675886877148599,0.469784200719733,0.243203083419937,0.261267857582771,-0.221269892349019,-0.0558802962145959,0.0260379391666107,-0.192722447837038,0.237205827183167,-0.250452984353443,0.330548499698971,0.302402477713256,-0.0535695450956288,0.126743992266862,0.336704861426731,0.50229184425109,-0.266376107826888,-0.25305971482558,0.325963022125911,0.561528173341222,-0.109676881351275,0.334442096317017,0.0101435880692526,0.126351825992422,0.179090023486255,-0.349362325081415,-0.348944177475094,0.919680910947778,1,-0.52931148173762,-0.817263618379787,0.750904675362272,-0.511169725139521,-0.0722533132070505
"Precip_mm",0.370300075040812,-0.200308786028128,0.836118304039851,0.775308999405864,-0.834180298919664,-0.0229550212972987,-0.827777299549022,0.3608139801291,-0.568359443767996,0.310102921940406,-0.510897894943216,0.450322824516128,0.508229283989152,0.243138705571848,0.19503839814068,-0.125734686648036,0.317784318692111,-0.848162258513565,-0.448071963928788,-0.485394496178169,0.383132089601828,-0.851888022309938,-0.326020875886582,0.714437350600364,0.727657248000213,-0.686028285910897,-0.764613228007556,0.253067588600835,-0.450133601707708,-0.495325785220785,0.329419095745188,-0.00348185824239704,0.59787066403819,0.455989964693337,-0.722083728709973,-0.52931148173762,1,0.239300706048861,-0.794136095340721,0.995400228380269,-0.489112958199965
"SumPrecip",0.130500174136923,0.113269753512333,-0.135302915845415,-0.256704703553852,0.049795528185048,-0.0649345198943237,0.0151041357103251,0.00276941466827222,-0.380535815904421,-0.605896662681557,-0.0604893198977996,-0.0323542894917315,-0.261005205139311,-0.259462676080872,0.161055044032388,-0.192565912854615,0.212526987736187,0.0396778328429207,-0.110520827841133,0.23025010279889,-0.481599982056562,0.0166572732570637,-0.396947424288724,-0.0825519870479632,-0.108444973439395,-0.0205390709023599,-0.184158488920802,0.138094275386385,-0.192851691532374,0.193155680858949,-0.421395414788066,-0.151444713830186,0.0494218305471246,0.0992457261003274,-0.623108223298004,-0.817263618379787,0.239300706048861,1,-0.372082924554096,0.21067275680718,0.434420432444973
"MeanAirJJA",-0.509019845995678,0.208157094946773,-0.766898792593439,-0.637202158392335,0.638224375329489,0.0176230128415753,0.640344691494579,-0.219598781728913,0.478564312090752,-0.226986011394114,0.441569622437029,-0.353549407934994,-0.367105404973528,-0.106322925157791,-0.210767560619577,0.324073556723094,-0.167131817788954,0.66157398135999,0.438787104776033,0.322777710868088,-0.400759337721889,0.666133124535903,0.523585891889284,-0.638656138254756,-0.594686309190051,0.589142942941013,0.764412946888555,-0.0845392008929779,0.390174316732881,0.314801009045772,-0.333375618966586,0.220598287255572,-0.614596568291041,-0.585197575046607,0.919873908358396,0.750904675362272,-0.794136095340721,-0.372082924554096,1,-0.783842900107757,0.389360609697108
"WetPrecip",0.355630266238535,-0.206420174120516,0.846700654999828,0.78278770920804,-0.841491825417257,-0.00473598334133742,-0.836115489087354,0.358269112596093,-0.553886732716864,0.327503592904933,-0.514356265845496,0.468526132520422,0.530227627937805,0.2666838216558,0.183329982716715,-0.117758678900571,0.332758923475024,-0.855634975918977,-0.463214932810608,-0.48975850595344,0.395684140319712,-0.85867366941571,-0.328369011049102,0.725212692763258,0.743353865837503,-0.700485304597137,-0.775748858223974,0.256917687147527,-0.473008524147942,-0.500727925993299,0.347197758532247,-0.0140563906822695,0.615111211498821,0.463709612810037,-0.706322273509497,-0.511169725139521,0.995400228380269,0.21067275680718,-0.783842900107757,1,-0.498890392971807
"thermalSensitivity",-0.282056445785588,0.203052134577163,-0.688868879465948,-0.772407477053438,0.678782164114513,-0.15386186555195,0.649228091817847,-0.243523061430162,-0.0252841959836813,-0.778181694982483,0.235536799113805,-0.485581291041648,-0.658637961090696,-0.407337725017476,0.0176732144827707,-0.00440560509090767,-0.0832030255745458,0.61451324597154,0.211577958421179,0.347341376403927,-0.593130910075696,0.570114282696704,-0.0357487458845478,-0.578297367835903,-0.59555205544193,0.450604081321175,0.478738148902292,-0.0421426308686388,0.140769789496879,0.374007564010578,-0.479494619289924,-0.00920332067433297,-0.37778599806932,-0.28992056183509,0.205342211515875,-0.0722533132070505,-0.489112958199965,0.434420432444973,0.389360609697108,-0.498890392971807,1
